,level_0,index,power,energy,effi,storage,charge,discharge,profit,Revenew
0,2,19,543100,2000,0.45,36.64281424,1.144506891601272,1.4285714285714286,2.83382296,51805.36184785314
1,7,41,466400,5000,0.45,20.56433865,1.0578214639619592,1.4285714285714286,6.86824075,46622.3792055525
2,12,64,389800,10000,0.45,11.85551919,0.9954972949206062,1.4285714285714286,2.02503776,40938.12969635295
3,16,84,339200,15000,0.45,8.64469757,0.9684344957648752,1.4285714285714286,3.23879004,37514.9173034159
4,17,92,300000,20000,0.45,7.1672116,1.0200083004568068,1.4285714285714286,6.89507246,35908.41590183337
5,22,115,267800,25000,0.45,5.79199438,1.0932725298535586,1.4285714285714286,6.81265813,33938.80883176924
6,26,129,240700,30000,0.45,5.01636046,1.1179611473158324,1.4285714285714286,3.67305986,32300.906413775578
7,30,147,218700,35000,0.45,4.30148836,1.1172490954803331,1.4285714285714286,4.51267024,30458.989497532788
8,32,159,198000,40000,0.45,4.29430002,1.1161236340626173,1.4285714285714286,6.78036373,30431.12735669501
9,37,177,177800,45000,0.45,3.65207996,1.1384773340956091,1.4285714285714286,3.30083884,28244.035543380996
10,41,191,161200,50000,0.45,2.89020665,0.9123454845577916,1.4285714285714286,1.17897985,24264.84774740015
11,46,215,598400,2000,0.5,39.17093216,1.0822213227013673,1.4285714285714286,5.74096311,55888.45727434231
12,50,235,516200,5000,0.5,21.55240098,0.994418244178183,1.4285714285714286,1.88461116,50229.51131310828
13,53,255,434200,10000,0.5,12.86427242,0.9441574307054204,1.4285714285714286,5.68411857,44730.825852335314
14,59,278,379900,15000,0.5,9.02817874,0.9102527287704512,1.4285714285714286,2.64671395,40631.60471307428
15,64,299,338400,20000,0.5,7.24943071,0.9534175938275962,1.4285714285714286,0.9626024,38546.82456904528
16,67,316,304100,25000,0.5,5.8152204,1.002002502502252,1.4285714285714286,0.68969414,36252.090134382604
17,72,333,275400,30000,0.5,5.71988686,1.0090443991044538,1.4285714285714286,8.03866404,36108.56135766818
18,75,347,251200,35000,0.5,4.31583609,1.0075439374598525,1.4285714285714286,3.10397904,32480.97011575948
19,79,367,229700,40000,0.5,4.29859862,1.0055167874437994,1.4285714285714286,6.56531701,32417.471586415737
20,83,385,208300,45000,0.5,4.29430002,1.0579993831238947,1.4285714285714286,7.17975638,32699.392800735783
21,88,403,188800,50000,0.5,3.58934121,1.0070275801926558,1.4285714285714286,0.19093,29721.221143122348
22,93,426,652400,2000,0.55,41.29109565,1.036778959626823,1.4285714285714286,0.74720454,59902.44953881528
23,94,441,565000,5000,0.55,22.47487951,0.9490331284630966,1.4285714285714286,1.53243435,53839.840217445584
24,96,460,478000,10000,0.55,13.14804633,0.8928753364680418,1.4285714285714286,5.91520112,47767.55742509263
25,102,485,419900,15000,0.55,9.64380942,0.8827366606104264,1.4285714285714286,7.17468135,44198.91678870338
26,106,502,376200,20000,0.55,7.29619487,0.9150211915950488,1.4285714285714286,4.92973947,41238.88904917531
27,109,518,340200,25000,0.55,6.44826564,0.918658478398461,1.4285714285714286,6.60798774,39684.84432453969
28,112,532,310200,30000,0.55,5.72860005,0.9209186800616924,1.4285714285714286,7.17875491,38209.22609890954
29,117,552,283400,35000,0.55,4.35051866,0.919972276080984,1.4285714285714286,0.39216606,34512.596940840114
30,121,567,261200,40000,0.55,4.30290152,0.9150211915950488,1.4285714285714286,2.60979417,34337.293694228414
31,124,583,239100,45000,0.55,4.29430002,0.9263049596257658,1.4285714285714286,2.6208805,34380.83090724073
32,127,599,218100,50000,0.55,4.29430002,1.095282927300548,1.4285714285714286,1.61317913,35447.865689164144
33,131,623,705700,2000,0.6,43.82293609,1.0074950639348832,1.4285714285714286,3.67662109,64108.81246709408
34,135,645,613200,5000,0.6,23.05259985,0.9061243768728332,1.4285714285714286,2.9656009,57188.06285533139
35,139,665,521200,10000,0.6,13.74584288,0.8513348418810457,1.4285714285714286,5.46898682,51026.55068757321
36,142,683,460200,15000,0.6,10.04300274,0.8425189357745786,1.4285714285714286,1.44929817,47301.34792208013
37,145,701,414100,20000,0.6,7.84598038,0.8531794901866948,1.4285714285714286,2.27451543,44404.22438358948
38,148,718,376600,25000,0.6,6.94449004,0.90462021778455,1.4285714285714286,1.58895171,43393.03482725346
39,150,734,345100,30000,0.6,5.73290295,0.9147357064040992,1.4285714285714286,6.13550861,40901.16925975731
40,155,752,316400,35000,0.6,5.46440968,0.914252483184909,1.4285714285714286,7.22587302,40202.468893593774
41,158,767,292600,40000,0.6,4.31152025,0.8404494841476061,1.4285714285714286,3.33763866,36240.14816659289
42,164,789,269900,45000,0.6,4.29859862,0.8435248402585168,1.4285714285714286,2.22083454,36218.65337183436
43,167,806,248200,50000,0.6,4.29430002,1.0040093500255023,1.4285714285714286,3.40675662,37345.415529425336
44,173,835,758900,2000,0.65,47.54834285,0.9917152187361212,1.4285714285714286,3.63456664,68687.89223037078
45,178,857,660800,5000,0.65,24.18833997,0.8867999949905045,1.4285714285714286,4.68281172,61022.5805569345
46,182,880,564200,10000,0.65,14.39633862,0.8379433034089981,1.4285714285714286,5.04345361,54642.93858950806
47,187,900,500400,15000,0.65,10.0602307,0.8229837672716661,1.4285714285714286,3.8307807,50133.45960900925
48,190,919,452600,20000,0.65,7.82747582,0.8467592072533734,1.4285714285714286,2.00788945,47248.59789310244
49,196,940,413900,25000,0.65,7.16433581,0.8693541090847222,1.4285714285714286,6.78836493,46361.24302851596
50,201,958,380800,30000,0.65,5.7400802,0.883989970110604,1.4285714285714286,3.92964498,43398.74452837715
51,203,969,351000,35000,0.65,5.58857702,0.8623638642995782,1.4285714285714286,6.21277151,42772.84537037117
52,205,988,324500,40000,0.65,4.77000141,0.8582969820395832,1.4285714285714286,1.18762646,40306.80778505183
53,208,1003,301100,45000,0.65,4.30290152,0.7929191377208796,1.4285714285714286,0.79278226,38208.32943323026
54,214,1024,278900,50000,0.65,4.29430002,0.9267778615620024,1.4285714285714286,4.55596185,39246.9204639902
55,220,1051,811900,2000,0.7,49.77624938,0.9662060287052822,1.4285714285714286,0.30893859,72749.19471413243
56,223,1076,708100,5000,0.7,24.50567695,0.8614408837627651,1.4285714285714286,6.63892287,64340.34642036308
57,228,1100,607400,10000,0.7,14.94085921,0.8227999302604417,1.4285714285714286,4.27094229,58129.27728757379
58,233,1120,541300,15000,0.7,10.31690365,0.8121238953660873,1.4285714285714286,0.83968966,53386.28893692075
59,239,1141,491900,20000,0.7,8.59566364,0.8634415080368538,1.4285714285714286,7.09958136,51719.15296557098
60,242,1159,452100,25000,0.7,7.16433581,0.8640303836867046,1.4285714285714286,6.66428616,49242.56006281904
61,245,1176,417100,30000,0.7,5.86927507,0.8409866265001639,1.4285714285714286,4.95572686,46044.36377269844
62,248,1194,386600,35000,0.7,5.72860005,0.8208298251537548,1.4285714285714286,5.03320293,45474.38907949055
63,250,1208,358000,40000,0.7,5.15470066,0.8612670761041314,1.4285714285714286,3.75741545,44151.62362529356
64,254,1228,332700,45000,0.7,4.30721735,0.7980947309714326,1.4285714285714286,3.46753,40645.09104576501
65,256,1241,310100,50000,0.7,4.29859862,0.8614408837627651,1.4285714285714286,1.78772529,41171.84011109535
66,259,1269,864600,2000,0.75,52.39371734,0.9510200562430532,1.4285714285714286,3.06897726,77022.68257815663
67,263,1293,755700,5000,0.75,25.31800294,0.8626767261114233,1.4285714285714286,1.80598539,68348.78825297632
68,265,1309,651000,10000,0.75,15.63024431,0.8180027726771824,1.4285714285714286,3.56069926,61908.300802581376
69,269,1334,582700,15000,0.75,10.61926147,0.8147153955777724,1.4285714285714286,0.77594559,56921.49255493152
70,275,1355,531900,20000,0.75,8.61011887,0.8278450672608956,1.4285714285714286,2.78233578,54308.35780731972
71,278,1372,490600,25000,0.75,7.17438311,0.8399452986705344,1.4285714285714286,5.52366841,51908.13127265364
72,281,1392,454100,30000,0.75,6.26845875,0.8383052280027169,1.4285714285714286,6.85415059,49803.96906562745
73,285,1411,422300,35000,0.75,5.73433438,0.8047895397486958,1.4285714285714286,7.26080085,48017.683516214005
74,289,1430,392300,40000,0.75,5.38079558,0.8391076198018923,1.4285714285714286,7.47442722,47288.60230159309
75,290,1441,365000,45000,0.75,4.90641701,0.7656406189514676,1.4285714285714286,2.16665615,44927.95088052745
76,294,1462,341300,50000,0.75,4.29859862,0.804011491511914,1.4285714285714286,6.86986981,43050.290885281705
