,level_0,index,power,energy,effi,storage,charge,discharge,profit,Revenew
0,4,22,280400,2000,0.45,58.85927312,2.7055258855292137,1.4285714285714286,0.83071081,44934.517117677606
1,9,44,203400,5000,0.45,27.55855816,2.673700112438167,1.4285714285714286,8.28406152,36651.82881646659
2,13,61,136700,10000,0.45,15.93504726,2.793106381192274,1.4285714285714286,1.30217178,30445.323735824917
3,15,75,97100,15000,0.45,9.02972066,2.347288355794859,1.4285714285714286,5.6526063,22261.93302866449
4,17,87,72100,20000,0.45,5.78041619,2.2513143485026834,1.4285714285714286,6.31838579,17558.220839716494
5,20,100,53200,25000,0.45,4.31152025,2.2344968309787294,1.4285714285714286,0.43677017,14739.303174596524
6,21,110,39000,30000,0.45,2.89309975,2.235656095646128,1.4285714285714286,10.2036035,11442.82252347135
7,23,135,316500,2000,0.5,61.00741139,2.371097130287517,1.4285714285714286,11.22186555,47013.16358532693
8,28,158,231400,5000,0.5,28.75223285,2.386830444351341,1.4285714285714286,3.18599925,38861.33142181735
9,32,177,157300,10000,0.5,16.97805259,2.501285055004185,1.4285714285714286,2.78518198,32707.598864671563
10,34,191,113500,15000,0.5,10.0602307,2.353262481637961,1.4285714285714286,9.75219206,25445.417372275275
11,39,209,84800,20000,0.5,5.83716994,2.028143470215367,1.4285714285714286,6.8466972,18592.782075647752
12,43,223,63300,25000,0.5,5.63810072,2.0,1.4285714285714286,10.23098837,18172.295361273427
13,46,235,47200,30000,0.5,4.29430002,2.006012020030042,1.4285714285714286,5.92284345,15468.256900538894
14,47,260,354000,2000,0.55,64.55070804,2.185787926436936,1.4285714285714286,7.98062071,50223.83228356664
15,51,283,260700,5000,0.55,30.15226273,2.1547268663555097,1.4285714285714286,4.09805122,41255.21889256124
16,55,306,179800,10000,0.55,17.28936912,2.2423051899524484,1.4285714285714286,10.2406879,34436.842885844315
17,60,324,131900,15000,0.55,10.11080377,2.104370796521732,1.428571307788146,1.24005251,26768.75656141268
18,62,334,100500,20000,0.55,7.17868601,1.830960153109933,1.4285714285714286,5.45770796,21920.76933061451
19,67,351,76900,25000,0.55,5.72860005,1.8254727637001025,1.4285714285714286,8.36732945,19454.116712759387
20,71,366,58300,30000,0.55,4.29859862,1.8254727637001025,1.4285714285714286,7.11130753,16392.038907241644
21,73,394,392100,2000,0.6,66.84212687,1.9883265734511384,1.4285714285714286,2.67731737,52794.12822033677
22,76,417,291200,5000,0.6,31.24848091,1.9992513597985613,1.4285714285714286,7.16199797,43889.22856392215
23,79,438,204600,10000,0.6,17.36496484,2.035045893380509,1.4285714285714286,4.350718,36180.16579897768
24,85,458,152900,15000,0.6,11.39198587,1.9125358361553295,1.4285714285714286,3.23729286,29847.82605380835
25,87,473,118500,20000,0.6,7.19790901,1.6828744884024642,1.4285714285714286,8.0328888,23336.098128360463
26,90,488,92600,25000,0.6,5.73433438,1.675025058450211,1.4285714285714286,2.99402237,20700.093413831743
27,94,501,71300,30000,0.6,4.30720873,1.671691743518719,1.4285714285714286,3.50540787,17451.16215362213
28,95,527,431000,2000,0.65,68.46147692,1.8540008364762983,1.4285714285714286,0.015819,55666.81896369632
29,99,556,323300,5000,0.65,32.01569353,1.8436755281318056,1.4285714285714286,9.17162343,46299.38565285997
30,103,577,231700,10000,0.65,17.86120167,1.8957069134660376,1.4285714285714286,8.71467621,38655.78524685402
31,107,596,176700,15000,0.65,11.53448287,1.779866535028902,1.4285714285714286,6.10464607,31895.62819874013
32,108,611,139000,20000,0.65,7.21468737,1.5570436390298177,1.4285714285714286,4.48564467,24918.75722273295
33,110,624,110500,25000,0.65,5.74582028,1.549273975708405,1.4285714285714286,5.00398453,22119.84711318069
34,115,640,86800,30000,0.65,4.33750619,1.169543272454229,1.4285714285714286,2.74064359,17882.762366380724
35,116,668,471000,2000,0.7,69.7246641,1.7254712674494692,1.4285714285714286,6.72911503,58394.15697028289
36,122,701,357900,5000,0.7,32.0022231,1.698680317689072,1.4285714285714286,6.9022225,48471.97837905566
37,127,724,261800,10000,0.7,18.72080198,1.765679523143838,1.4285714285714286,9.63961541,41586.28919329768
38,130,744,203600,15000,0.7,11.55528547,1.6557139386683533,1.4285714285714286,1.61502351,33969.79778487315
39,132,759,162500,20000,0.7,8.38851966,1.5644917519632235,1.4285714285714286,0.66436662,29085.547906745327
40,134,771,131000,25000,0.7,7.16433581,1.4368846968144264,1.4285714285714286,6.03848824,26538.6424507194
41,140,789,105900,30000,0.7,5.72860005,1.434300028621509,1.4285714285714286,0.06614995,23622.85198571565
42,144,825,512300,2000,0.75,70.83049786,1.6104398496195047,1.4285714285714286,3.80920433,61121.75337056749
43,145,848,395000,5000,0.75,32.73817721,1.5903199817806009,1.4285714285714286,2.28330567,51302.04320754976
44,150,879,294400,10000,0.75,18.73528198,1.6483189695969611,1.4285714285714286,9.27202255,43968.65336439017
45,156,903,232900,15000,0.75,12.03008218,1.6088294097698854,1.4285714285714286,3.32106513,37130.51097293245
46,161,926,189400,20000,0.75,8.6331742,1.3474217634268373,1.4285714285714286,3.33967822,30955.388206473945
47,166,944,155800,25000,0.75,7.17150732,1.3413614081683372,1.4285714285714286,4.97058401,28442.960057401004
48,169,960,127600,30000,0.75,5.73433438,1.340020046760169,1.4285714285714286,7.01022417,25323.357719452288
