,level_0,index,power,energy,effi,storage,charge,discharge,profit,Revenew
0,5,22,245900,2000,0.45,43.09161662,1.5280752387010936,1.4907119849998598,3.3456355,32009.332446384786
1,9,41,176700,5000,0.45,21.497948,1.555018105281022,1.4907119849998598,1.76022947,26864.181730349424
2,14,58,115900,10000,0.45,12.05179705,1.6936771795659546,1.4907119849998598,9.32646193,22307.011606456923
3,18,72,82700,15000,0.45,6.27186715,1.5621581139622005,1.4907119849998598,6.27591126,16129.637740601756
4,19,79,61000,20000,0.45,4.52947557,1.4887536193154354,1.4907119849998598,6.48482987,13426.867834403
5,23,95,44300,25000,0.45,3.62295917,1.3522241473098104,1.4907119849998598,5.2089861,11505.033101560515
6,24,102,32000,30000,0.45,2.99487773,1.4906491356761498,1.4907119849998598,0.91400326,10454.296113748307
7,27,127,286600,2000,0.5,44.76991755,1.423755828233365,1.414213562373095,8.96143165,35227.81969902756
8,29,144,210100,5000,0.5,22.82090954,1.4188815788087117,1.414213562373095,4.96816945,29687.45182804855
9,31,157,141500,10000,0.5,12.80077828,1.5169013982498023,1.414213562373095,10.08133316,24682.76395933058
10,35,174,103300,15000,0.5,7.12367781,1.4435236139558851,1.414213562373095,5.14700399,18791.789077587524
11,40,191,78400,20000,0.5,4.76028426,1.3491072288917008,1.414213562373095,0.49640231,15097.190139253897
12,44,207,59700,25000,0.5,4.25539553,1.5067681628803908,1.414213562373095,8.65608259,14614.779192041471
13,48,221,44300,30000,0.5,2.84973113,1.3406902801201486,1.414213562373095,6.12806206,11075.755597329488
14,50,245,329000,2000,0.55,46.07138121,1.3276190202865537,1.348399724926484,2.27993246,38298.40356742396
15,53,267,245600,5000,0.55,23.0814405,1.2813579698641735,1.348399724926484,0.08328626,31887.441235025697
16,59,290,169900,10000,0.55,13.58841332,1.3805923957658854,1.348399724926484,1.02985297,27256.266119521435
17,62,305,126600,15000,0.55,7.9543749,1.345409142260521,1.348399724926484,1.94268485,21587.055546591717
18,68,324,98900,20000,0.55,5.42336374,1.2218609448007378,1.348399724926484,2.17715647,17601.51202731891
19,73,340,77800,25000,0.55,4.0695569,1.0996750337830783,1.348399724926484,6.68326904,14790.716070387742
20,74,343,60000,30000,0.55,3.68722525,1.244829377945202,1.348399724926484,6.60072127,14350.48238863718
21,76,374,372500,2000,0.6,46.77260959,1.2548476280425531,1.2909944487358056,4.57244848,41402.349490172186
22,80,399,282700,5000,0.6,23.84515493,1.1720748719321996,1.2909944487358056,4.18230888,34365.62574337424
23,82,416,201100,10000,0.6,13.94507129,1.259414602556938,1.2909944487358056,0.47481331,29554.806992923477
24,84,430,153000,15000,0.6,8.16072372,1.2392652718185682,1.2909944487358056,1.50208355,23677.36147978464
25,86,443,122000,20000,0.6,5.24206985,1.1307369210603022,1.2909944487358056,5.05335327,18932.982599420186
26,88,459,98500,25000,0.6,3.94336508,1.020210868076306,1.2909944487358056,4.67407344,15970.983805553044
27,91,476,79200,30000,0.6,3.8859948,1.1217220625035298,1.2909944487358056,4.06995006,16172.89032616883
28,94,507,417600,2000,0.65,46.5498989,1.1572950589490811,1.2403473458920844,1.13080666,43819.99441408061
29,96,531,322100,5000,0.65,24.8130775,1.0836367292646647,1.2403473458920844,8.01990922,37060.83407550431
30,100,552,235300,10000,0.65,14.20614865,1.160791282915964,1.2403473458920844,5.70952247,31949.791612080608
31,106,573,182900,15000,0.65,8.76107082,1.196316620830725,1.2403473458920844,1.67672233,26785.48570296769
32,108,588,149000,20000,0.65,6.22661205,1.1066231606324766,1.2403473458920844,5.63945428,22694.57940220082
33,110,602,123000,25000,0.65,4.9787965,1.0318156071148372,1.2403473458920844,6.41986423,20111.46821104802
34,116,620,101900,30000,0.65,3.74344789,0.9304942593549124,1.2403473458920844,1.11717394,16981.306529364258
35,121,656,464400,2000,0.7,46.29711882,1.0716966019010992,1.1952286093343936,5.49426595,46250.801149420826
36,126,687,364400,5000,0.7,25.20332721,1.0252459322320415,1.1952286093343936,3.9483567,39909.02901118568
37,128,707,273000,10000,0.7,14.75153349,1.1014048659178075,1.1952286093343936,3.0747731,35016.80091399355
38,133,731,216400,15000,0.7,9.50562699,1.1313840159957536,1.1952286093343936,7.72921656,30090.978840059903
39,138,754,179400,20000,0.7,6.06044597,1.0379111792801026,1.1952286093343936,8.00546701,24513.71900115007
40,142,771,151300,25000,0.7,4.81557294,0.9616861024249744,1.1952286093343936,5.5924549,21671.92155085825
41,145,787,127200,30000,0.7,4.00787039,0.959982315108712,1.1952286093343936,7.42870169,19746.88162815044
42,149,824,513300,2000,0.75,45.84482299,1.0167909770954118,1.1547005383792517,0.35734991,49120.153581704406
43,152,856,409600,5000,0.75,25.74654418,0.9778522004167144,1.1547005383792517,0.41666973,43031.743367115305
44,156,883,313700,10000,0.75,15.13184409,1.0310400159696456,1.1547005383792517,8.18720623,37886.12380455229
45,161,908,253400,15000,0.75,9.82929705,1.0369779657185143,1.1547005383792517,1.44697395,32690.469310388828
46,164,929,213600,20000,0.75,6.96989257,1.0095436827871054,1.1547005383792517,5.44860924,28542.11953661989
47,168,948,182700,25000,0.75,5.7908637,0.9581143324755989,1.1547005383792517,6.77682425,26094.624039964063
48,172,967,157300,30000,0.75,4.63732945,0.8946882082883878,1.1547005383792517,5.94672647,23231.25302907408
