,level_0,index,power,energy,effi,storage,charge,discharge,profit,Revenew
0,1,16,553000,2000,0.45,25.82417882,0.6769840825113723,1.4907119849998598,6.6968886,41555.6262710251
1,5,38,477700,5000,0.45,16.27748808,0.64023831637849,1.4907119849998598,2.55091783,38149.64754036482
2,8,55,400600,10000,0.45,9.75614012,0.6141940794691597,1.4907119849998598,0.4245891,33932.04450809389
3,12,74,347200,15000,0.45,7.68958831,0.629913481896462,1.4907119849998598,3.18430978,32112.762715867964
4,17,92,303300,20000,0.45,6.39627931,0.6513254992784605,1.4907119849998598,4.24892672,30504.870023843483
5,20,110,268600,25000,0.45,4.93661206,0.6723577925690128,1.4907119849998598,2.66169133,28057.457286525765
6,24,124,241200,30000,0.45,4.48558074,0.7437101333455279,1.4907119849998598,6.52845931,27806.446420731063
7,27,138,215600,35000,0.45,4.48109516,0.7481619978112405,1.4907119849998596,2.35167858,27836.09158821589
8,32,155,193400,40000,0.45,3.47601295,0.7424714426633034,1.4907119849998598,2.79079831,24793.330674617824
9,37,169,175800,45000,0.45,2.99188285,0.7451997877211827,1.4907119849998598,3.46601743,23221.946777624988
10,41,186,158700,50000,0.45,2.98889097,0.7444545879334614,1.4907119849998598,1.42051625,23205.500356177865
11,43,206,619000,2000,0.5,26.0450509,0.6371437115973008,1.414213562373095,4.50599492,45056.229726817735
12,46,226,540200,5000,0.5,17.14276405,0.6097279471367325,1.414213562373095,2.92529365,41966.47842974295
13,51,248,457800,10000,0.5,10.1800545,0.5886844750512764,1.414213562373095,0.20123903,37524.458822485685
14,56,267,401300,15000,0.5,8.18668635,0.5925506567429336,1.414213562373095,4.91006437,35665.37173707897
15,59,282,355600,20000,0.5,6.87326943,0.6124281333381558,1.414213562373095,5.07370114,34198.21983847905
16,65,302,317900,25000,0.5,5.67102472,0.668001779779854,1.414213562373095,5.02736148,32807.029930042234
17,70,321,287300,30000,0.5,4.44639798,0.6412095879898244,1.414213562373095,3.42768993,29761.87733914524
18,75,338,261800,35000,0.5,4.25114013,0.6716296112822516,1.414213562373095,1.95967048,29635.124136661307
19,79,353,236700,40000,0.5,4.25114013,0.7541367098762749,1.414213562373095,4.26019233,30446.083053635688
20,81,366,215100,45000,0.5,3.3137189,0.6715790631092828,1.414213562373095,2.41328692,26514.410716080136
21,85,382,197700,50000,0.5,2.84119048,0.6713511601091736,1.414213562373095,6.29405021,24775.15860382933
22,91,408,683400,2000,0.55,26.38796849,0.6014947157172401,1.348399724926484,1.95841634,48376.54824611893
23,94,428,601600,5000,0.55,17.58342255,0.5671164688265751,1.348399724926484,4.4117968,45096.05661750889
24,100,453,514900,10000,0.55,10.86855425,0.5572970867212665,1.348399724926484,1.44676039,41085.57308663191
25,104,472,455300,15000,0.55,8.14319559,0.5539804714922544,1.348399724926484,1.95021863,38368.3893944737
26,110,494,407400,20000,0.55,6.76769527,0.5637451666618678,1.348399724926484,2.06237225,36592.31149202651
27,113,511,367100,25000,0.55,5.55537393,0.5812930723657336,1.348399724926484,5.1417094,34599.047285451175
28,117,530,334200,30000,0.55,4.96037438,0.6114982167330111,1.348399724926484,1.78162315,33705.275894751496
29,120,546,307100,35000,0.55,4.06145311,0.6109338481628096,1.348399724926484,2.92151629,31402.140023507007
30,122,559,282000,40000,0.55,4.05330308,0.6652224667355985,1.348399724926484,2.43558219,31998.939139616603
31,128,580,257900,45000,0.55,4.05330308,0.6910349513471614,1.348399724926484,5.84801702,32286.05156376527
32,134,596,236400,50000,0.55,3.18723077,0.6163228536846955,1.348399724926484,6.49264414,28252.58783603801
33,139,621,746300,2000,0.6,27.19812011,0.5841578340808513,1.2909944487358056,0.56613618,52044.4067575309
34,145,645,661900,5000,0.6,18.30709712,0.5440007107790378,1.2909944487358056,1.29008398,48576.65612553992
35,151,667,571400,10000,0.6,11.29772273,0.5281493525565341,1.2909944487358056,5.99983935,44311.15342124374
36,155,689,508200,15000,0.6,8.38123602,0.5261811475058195,1.2909944487358056,4.13753845,41402.3532219784
37,159,710,458200,20000,0.6,7.00415302,0.545023627592439,1.2909944487358056,4.09673204,39831.66713420587
38,161,724,417000,25000,0.6,6.04094475,0.561008563713956,1.2909944487358056,1.18623941,38412.98769801102
39,167,746,381900,30000,0.6,5.1769136,0.5664740290867104,1.2909944487358056,2.95870432,36635.308191939526
40,169,758,352000,35000,0.6,4.25994027,0.5716822450410157,1.2909944487358056,5.14712213,34322.83377432877
41,171,774,327000,40000,0.6,3.88462687,0.5983228779039113,1.2909944487358056,0.4613886,33591.98810668562
42,174,792,303100,45000,0.6,3.88074224,0.6284472582302291,1.2909944487358056,3.35901077,33974.146876363506
43,179,813,279800,50000,0.6,3.88074224,0.7178666845505115,1.2909944487358056,2.36487619,35015.77990299875
44,185,842,808400,2000,0.65,28.32329831,0.5675248513682256,1.2403473458920844,4.62479162,55652.9534221509
45,190,865,721300,5000,0.65,18.90684026,0.5237473710026668,1.2403473458920844,5.83015679,51930.61983947262
46,196,890,627400,10000,0.65,11.48574229,0.515735117101559,1.2403473458920844,2.52347786,47594.548093605496
47,201,911,561300,15000,0.65,8.7172656,0.5168918868812328,1.2403473458920844,4.11436831,44864.84741541226
48,204,932,509500,20000,0.65,7.0727579,0.5201805025878445,1.2403473458920844,3.83227813,42626.51730243006
49,208,954,466700,25000,0.65,6.20191646,0.5234921669689603,1.2403473458920844,1.05835956,41158.55390809792
50,209,963,430000,30000,0.65,4.99882162,0.5640349954500957,1.2403473458920844,4.26432293,39200.89779987269
51,214,990,398800,35000,0.65,4.72911454,0.5892188930492102,1.2403473458920844,1.46905571,38889.2565365277
52,220,1009,371900,40000,0.65,3.76097863,0.5812671144049839,1.2403473458920844,3.2144966,35833.208814656566
53,225,1030,348300,45000,0.65,3.73222877,0.5806858472905788,1.2403473458920844,1.71803559,35730.33765285385
54,227,1045,325100,50000,0.65,3.72849654,0.6306482308250977,1.2403473458920844,4.41206697,36398.23889815478
55,233,1076,869400,2000,0.7,29.38125376,0.5587206340883,1.1952286093343936,4.01310838,59368.28860901864
56,237,1103,779700,5000,0.7,19.25047916,0.506507553302571,1.1952286093343936,4.5664557,55112.67429744934
57,241,1127,682700,10000,0.7,11.61537967,0.4974438661480834,1.1952286093343936,1.68837091,50573.30359297415
58,244,1148,614500,15000,0.7,9.13097731,0.5042546614215203,1.1952286093343936,3.57314169,48304.07287836978
59,249,1170,560800,20000,0.7,7.19653854,0.4984999221924959,1.1952286093343936,0.19169686,45475.63050431857
60,253,1191,516700,25000,0.7,6.00251956,0.5157952312955468,1.1952286093343936,3.09392476,43668.960072189344
61,256,1210,479500,30000,0.7,5.35642078,0.5511169815520081,1.1952286093343936,0.45793635,42932.550346373726
62,259,1231,447600,35000,0.7,4.79289067,0.5754426034822461,1.1952286093343936,3.99663914,41949.15049957545
63,262,1248,418500,40000,0.7,4.31792745,0.5757320535604534,1.1952286093343936,3.70703734,40505.81390485866
64,266,1269,393700,45000,0.7,3.61596175,0.5427725567237562,1.1952286093343936,5.6653713,37603.62032401644
65,271,1286,370800,50000,0.7,3.59286917,0.5782803245710676,1.1952286093343936,2.97739083,38071.40107604449
66,277,1319,929900,2000,0.75,30.66216411,0.5619183897347935,1.1547005383792517,1.54301262,63493.025642106026
67,280,1343,837100,5000,0.75,19.11615927,0.4968456361589334,1.1547005383792517,5.69516065,58219.01346547462
68,284,1367,737200,10000,0.75,11.80068815,0.4846964969043392,1.1547005383792517,5.1107725,53636.64864003335
69,288,1391,667700,15000,0.75,9.15264826,0.4901879090438797,1.1547005383792517,3.9358604,51177.59979316101
70,293,1413,612300,20000,0.75,7.3923306,0.5061423828250193,1.1547005383792517,3.86261972,49094.07136672961
71,297,1435,567200,25000,0.75,6.23838948,0.5174073154905326,1.1547005383792517,1.08805339,47264.41748601236
72,302,1460,529300,30000,0.75,5.34023393,0.5382250225419137,1.1547005383792517,5.80857358,45737.27029992746
73,305,1479,496600,35000,0.75,4.77299379,0.5536225197621937,1.1547005383792517,4.80879143,44568.663517563145
74,311,1502,466900,40000,0.75,4.63037229,0.5779074764086544,1.1547005383792517,5.46481754,44629.758490232605
75,313,1521,439500,45000,0.75,3.96934937,0.5749344832638451,1.1547005383792517,6.21169023,42303.58051719256
76,319,1541,415900,50000,0.75,3.47567871,0.5601381044146873,1.1547005383792517,4.64705272,40165.86090021363
